Starting Dynare (version 4.4.1).
Starting preprocessing of the model file ...
Found 26 equation(s).
Evaluating expressions...done
Computing static model derivatives:
 - order 1
Computing dynamic model derivatives:
 - order 1
Processing outputs ...done
Preprocessing completed.
Starting MATLAB/Octave computing.

rc =

     0

STEADY STATE SOLUTION (OUR SCRIPT):

ss = 

         g: 1.1988
        VD: 1.7054
        ZD: 4.8283
      zeta: 1
        ND: 0.2062
    Lambda: 0.8008
         J: 0.3663
         H: 1.9692
        Pi: 0.5500
       YDW: 1.8037
        YD: 1.8037
         Q: 1
        KD: 0.9311
         L: 2.7315
        ID: 0.2321
        CD: 1.3655
    GammaD: 0.4482
       muD: -3.6271
       UCD: 0.7733


STEADY-STATE RESULTS:

g           		 1.19882
ZD          		 4.82829
VD          		 1.70543
J           		 0.36633
H           		 1.96923
Pi          		 0.549991
ND          		 0.206168
YDW         		 1.80373
YD          		 1.80373
CD          		 1.36547
Lambda      		 0.800787
UCD         		 0.773306
muD         		 -3.62713
L           		 2.7315
GammaD      		 0.448235
KD          		 0.931123
Q           		 1
ID          		 0.232094
zeta        		 1
SD          		 19.9215
XD          		 14.994
RD          		 0.62475
f_fcn       		 0
f_fcn_prime 		 -5.05014e-08
g_fcn       		 0
g_fcn_prime 		 -5.05014e-08

EIGENVALUES:
         Modulus             Real        Imaginary

       2.762e-16        2.762e-16                0
       4.532e-16       -4.532e-16                0
        6.66e-16         6.66e-16                0
          0.4562           0.4562         0.005612
          0.4562           0.4562        -0.005612
             0.5              0.5                0
          0.7712           0.7537           0.1629
          0.7712           0.7537          -0.1629
          0.8505           0.8505                0
           1.042            1.042                0
           1.263             1.26          0.09176
           1.263             1.26         -0.09176
           1.501            1.443           0.4126
           1.501            1.443          -0.4126
           1.932             1.93           0.1013
           1.932             1.93          -0.1013
       2.893e+16       -2.893e+16                0
       1.024e+17       -1.024e+17                0
       2.976e+17       -2.976e+17                0
       1.237e+18        1.237e+18                0
       1.289e+19        1.289e+19                0
        9.73e+19         9.73e+19                0


There are 13 eigenvalue(s) larger than 1 in modulus 
for 13 forward-looking variable(s)

The rank condition is verified.


MODEL SUMMARY

  Number of variables:         26
  Number of stochastic shocks: 1
  Number of state variables:   9
  Number of jumpers:           13
  Number of static variables:  7


MATRIX OF COVARIANCE OF EXOGENOUS SHOCKS

Variables     epsilon_chi 
epsilon_chi       1.000000

POLICY AND TRANSITION FUNCTIONS
                             g               ZD              VD              J               H               Pi              ND              YDW             YD              CD              Lambda          UCD             muD             L               GammaD          KD              Q               ID              zeta            SD              XD              RD              f_fcn           f_fcn_prime     g_fcn           g_fcn_prime
Constant                    1.198821        4.828292        1.705432        0.366330        1.969232        0.549991        0.206168        1.803734        1.803734        1.365472        0.800787        0.773306       -3.627129        2.731501        0.448235        0.931123        1.000000        0.232094        1.000000       19.921526       14.994004        0.624750               0               0               0               0
g(-1)                      -0.283241       -1.000000       -0.855959        0.816801        0.600443        0.070735       -0.563512        0.070735        0.070735        0.215836       -1.261278       -0.261278        0.803235        0.598111       -0.829783       -0.805460        0.879801       -0.219538               0        0.218995        0.250687       -0.039158            -Inf-10361511.512900            -Inf-18526905.191751
ZD(-1)                      0.205091        0.750738        0.544331       -0.436070       -0.297017        0.001295        0.125263        0.001295        0.001295       -0.019304        0.023736        0.023736        0.013324        0.001934       -0.002703        0.003083       -0.208168        0.012367               0       -0.003078       -0.004629        0.108261            -Inf -2973537.831868            -Inf  -293570.107777
UCD(-1)                            0               0               0               0               0               0               0               0               0               0       -1.000000               0               0               0               0               0               0               0               0               0               0               0            -Inf               0            -Inf               0
GammaD(-1)                 -0.009481               0       -0.123421       -0.611432       -0.640066       -0.614247       -0.374003       -0.614247       -0.614247       -0.677507        0.700854        0.700854       -0.765574       -0.916787        0.765149       -0.113535       -0.416008       -0.455483               0       -0.707218       -0.734878       -0.734853             Inf  8878212.773489             Inf 10812426.241100
KD(-1)                      0.007807               0        0.101630        0.578790        0.572622        0.526848        0.307970        0.526848        0.526848        0.634117       -0.661153       -0.661153       -0.130660        0.293803        0.088776        0.773216        0.144540        0.090181               0        0.665637        0.669703        0.680420            -Inf -7310716.532059            -Inf -2140757.178755
zeta(-1)                    0.043054               0        0.560450       -0.167219       -0.103284        0.001100        0.183183        0.001100        0.001100       -0.023133        0.027597        0.027597        0.018278        0.001642       -0.003239       -0.004504       -0.065456       -0.018071        0.500000       -0.013385       -0.000619        0.393232            -Inf -4348456.799955             Inf   428973.741949
VD(-1)                      0.068095        0.249262        0.180731       -0.144785       -0.098617        0.000430        0.041590        0.000430        0.000430       -0.006409        0.007881        0.007881        0.004424        0.000642       -0.000897        0.001023       -0.069117        0.004106               0       -0.001022       -0.001537        0.035945            -Inf  -987284.170951            -Inf   -97472.148283
ND(-1)                      0.012168               0        0.158394       -0.099162       -0.067036        0.005803        0.479981        0.005803        0.005803       -0.058794        0.075771        0.075771        0.031087        0.008661       -0.008231       -0.008816       -0.064820       -0.035368               0       -0.067158       -0.069045        0.059232             Inf 12344393.943889             Inf   839567.477005
ID(-1)                     -0.000438               0       -0.005706       -0.104141       -0.070330        0.009136       -0.017290        0.009136        0.009136       -0.087939        0.114189        0.114189        0.044163        0.013636       -0.012312        0.150488       -0.266228        0.603734               0       -0.106156       -0.110301       -0.109847             Inf   410443.330400             Inf  9406710.908460
epsilon_chi                 0.008611               0        0.112090       -0.033444       -0.020657        0.000220        0.036637        0.000220        0.000220       -0.004627        0.005519        0.005519        0.003656        0.000328       -0.000648       -0.000901       -0.013091       -0.003614        0.100000       -0.002677       -0.000124        0.078646            -Inf  -869691.359991             Inf    85794.748390


MOMENTS OF SIMULATED VARIABLES

VARIABLE              MEAN              STD. DEV.             VARIANCE             SKEWNESS             KURTOSIS      
g                         1.199010             0.017299             0.000299            -0.059875             0.239050
ZD                        4.828749             0.040402             0.001632            -0.061141             0.245681
VD                        1.706601             0.140877             0.019846            -0.076966             0.048041
J                         0.366646             0.054530             0.002974            -0.015260            -0.348624
H                         1.969794             0.040220             0.001618            -0.081101            -0.405719
Pi                        0.550947             0.032113             0.001031            -0.211506             0.868091
ND                        0.207505             0.065443             0.004283            -0.076834             0.267246
YDW                       1.804690             0.032113             0.001031            -0.211506             0.868091
YD                        1.804690             0.032113             0.001031            -0.211506             0.868091
CD                        1.366328             0.029927             0.000896            -0.209585             0.633021
Lambda                    0.800637             0.022997             0.000529             0.010073             0.225661
UCD                       0.772467             0.029765             0.000886             0.205493             0.571469
muD                      -3.626110             0.059968             0.003596            -0.141726             0.700467
L                         2.732767             0.054243             0.002942            -0.186868             0.814111
GammaD                    0.447283             0.056158             0.003154             0.135224             0.683175
KD                        0.931670             0.042144             0.001776            -0.159613            -0.599838
Q                         1.000018             0.017299             0.000299             0.106253             0.351771
ID                        0.233301             0.050008             0.002501            -0.165308             0.622053
zeta                      1.000422             0.110878             0.012294            -0.121528             0.001545
SD                       19.922418             0.030162             0.000910            -0.214878             0.752483
XD                       14.994935             0.030895             0.000954            -0.214565             0.851695
RD                        0.626235             0.096765             0.009364            -0.074026             0.128770
f_fcn                          NaN                  NaN                  NaN                  NaN                  NaN
f_fcn_prime           -4120.338543        881074.114823  776291595811.785889             0.189612             0.176683
g_fcn                          NaN                  NaN                  NaN                  NaN                  NaN
g_fcn_prime           -2748.625999        611089.318033  373430154614.286865            -0.005020             0.010805


CORRELATION OF SIMULATED VARIABLES

VARIABLE           g            ZD           VD           J            H            Pi           ND          YDW           YD           CD         Lambda        UCD          muD           L          GammaD         KD           Q            ID          zeta          SD           XD           RD         f_fcn     f_fcn_prime     g_fcn     g_fcn_prime 
g                   1.0000       0.8531       0.9058      -0.8265      -0.6399       0.2423       0.9203       0.2423       0.2423       0.0207      -0.7048       0.0193       0.6592       0.5137      -0.6173      -0.5681      -0.4287       0.0664       0.7634       0.1030       0.1995       0.8531          NaN      -0.5968          NaN      -0.6612
ZD                  0.8531       1.0000       0.5518      -0.5484      -0.3794       0.3330       0.7216       0.3330       0.3330       0.1776      -0.9623      -0.1512       0.8086       0.6723      -0.7934      -0.6830       0.0554       0.1979       0.3164       0.2326       0.2943       0.4943          NaN      -0.1209          NaN      -0.9138
VD                  0.9058       0.5518       1.0000      -0.8758      -0.7149       0.1169       0.8853       0.1169       0.1169      -0.1111      -0.3452       0.1536       0.3973       0.2753      -0.3426      -0.3536      -0.7303      -0.0546       0.9634      -0.0242       0.0800       0.9623          NaN      -0.8557          NaN      -0.3151
J                  -0.8265      -0.5484      -0.8758       1.0000       0.9574       0.3193      -0.6265       0.3193       0.3193       0.5281       0.4022      -0.5634      -0.2014       0.0283       0.1501       0.6347       0.6791       0.4622      -0.8569       0.4531       0.3590      -0.7116          NaN       0.6656          NaN       0.4044
H                  -0.6399      -0.3794      -0.7149       0.9574       1.0000       0.5787      -0.3792       0.5787       0.5787       0.7496       0.2680      -0.7764       0.0338       0.2879      -0.0804       0.6425       0.6601       0.6900      -0.7419       0.6900       0.6126      -0.5013          NaN       0.5391          NaN       0.2900
Pi                  0.2423       0.3330       0.1169       0.3193       0.5787       1.0000       0.5273       1.0000       1.0000       0.9724      -0.2907      -0.9615       0.6877       0.8721      -0.6968       0.3047       0.2648       0.9537      -0.0355       0.9885       0.9984       0.3501          NaN      -0.0734          NaN      -0.2148
ND                  0.9203       0.7216       0.8853      -0.6265      -0.3792       0.5273       1.0000       0.5273       0.5273       0.3223      -0.5430      -0.2819       0.6651       0.6314      -0.6245      -0.2257      -0.4667       0.3344       0.7539       0.4029       0.4928       0.9358          NaN      -0.6509          NaN      -0.4517
YDW                 0.2423       0.3330       0.1169       0.3193       0.5787       1.0000       0.5273       1.0000       1.0000       0.9724      -0.2907      -0.9615       0.6877       0.8721      -0.6968       0.3047       0.2648       0.9537      -0.0355       0.9885       0.9984       0.3501          NaN      -0.0734          NaN      -0.2148
YD                  0.2423       0.3330       0.1169       0.3193       0.5787       1.0000       0.5273       1.0000       1.0000       0.9724      -0.2907      -0.9615       0.6877       0.8721      -0.6968       0.3047       0.2648       0.9537      -0.0355       0.9885       0.9984       0.3501          NaN      -0.0734          NaN      -0.2148
CD                  0.0207       0.1776      -0.1111       0.5281       0.7496       0.9724       0.3223       0.9724       0.9724       1.0000      -0.1729      -0.9990       0.5641       0.7859      -0.5850       0.4271       0.4049       0.9574      -0.2473       0.9962       0.9814       0.1359          NaN       0.1124          NaN      -0.1024
Lambda             -0.7048      -0.9623      -0.3452       0.4022       0.2680      -0.2907      -0.5430      -0.2907      -0.2907      -0.1729       1.0000       0.1542      -0.7944      -0.6553       0.7915       0.7195      -0.2569      -0.2105      -0.0980      -0.2099      -0.2520      -0.2760          NaN      -0.0924          NaN       0.9436
UCD                 0.0193      -0.1512       0.1536      -0.5634      -0.7764      -0.9615      -0.2819      -0.9615      -0.9615      -0.9990       0.1542       1.0000      -0.5417      -0.7680       0.5649      -0.4420      -0.4332      -0.9531       0.2870      -0.9915      -0.9723      -0.0938          NaN      -0.1478          NaN       0.0866
muD                 0.6592       0.8086       0.3973      -0.2014       0.0338       0.6877       0.6651       0.6877       0.6877       0.5641      -0.7944      -0.5417       1.0000       0.9536      -0.9983      -0.4796       0.3134       0.6727       0.1778       0.6054       0.6570       0.4649          NaN      -0.1964          NaN      -0.8186
L                   0.5137       0.6723       0.2753       0.0283       0.2879       0.8721       0.6314       0.8721       0.8721       0.7859      -0.6553      -0.7680       0.9536       1.0000      -0.9587      -0.1984       0.3609       0.8511       0.0627       0.8169       0.8518       0.4168          NaN      -0.1238          NaN      -0.6441
GammaD             -0.6173      -0.7934      -0.3426       0.1501      -0.0804      -0.6968      -0.6245      -0.6968      -0.6968      -0.5850       0.7915       0.5649      -0.9983      -0.9587       1.0000       0.4683      -0.3680      -0.6916      -0.1199      -0.6217      -0.6679      -0.4142          NaN       0.1455          NaN       0.8186
KD                 -0.5681      -0.6830      -0.3536       0.6347       0.6425       0.3047      -0.2257       0.3047       0.3047       0.4271       0.7195      -0.4420      -0.4796      -0.1984       0.4683       1.0000      -0.1192       0.2793      -0.2386       0.3941       0.3419      -0.1572          NaN       0.1139          NaN       0.8362
Q                  -0.4287       0.0554      -0.7303       0.6791       0.6601       0.2648      -0.4667       0.2648       0.2648       0.4049      -0.2569      -0.4332       0.3134       0.3609      -0.3680      -0.1192       1.0000       0.4386      -0.8505       0.3466       0.2802      -0.6806          NaN       0.7350          NaN      -0.3509
ID                  0.0664       0.1979      -0.0546       0.4622       0.6900       0.9537       0.3344       0.9537       0.9537       0.9574      -0.2105      -0.9531       0.6727       0.8511      -0.6916       0.2793       0.4386       1.0000      -0.1828       0.9574       0.9545       0.1810          NaN      -0.0056          NaN      -0.1861
zeta                0.7634       0.3164       0.9634      -0.8569      -0.7419      -0.0355       0.7539      -0.0355      -0.0355      -0.2473      -0.0980       0.2870       0.1778       0.0627      -0.1199      -0.2386      -0.8505      -0.1828       1.0000      -0.1660      -0.0661       0.9197          NaN      -0.9310          NaN      -0.0892
SD                  0.1030       0.2326      -0.0242       0.4531       0.6900       0.9885       0.4029       0.9885       0.9885       0.9962      -0.2099      -0.9915       0.6054       0.8169      -0.6217       0.3941       0.3466       0.9574      -0.1660       1.0000       0.9943       0.2201          NaN       0.0414          NaN      -0.1368
XD                  0.1995       0.2943       0.0800       0.3590       0.6126       0.9984       0.4928       0.9984       0.9984       0.9814      -0.2520      -0.9723       0.6570       0.8518      -0.6679       0.3419       0.2802       0.9545      -0.0661       0.9943       1.0000       0.3189          NaN      -0.0512          NaN      -0.1813
RD                  0.8531       0.4943       0.9623      -0.7116      -0.5013       0.3501       0.9358       0.3501       0.3501       0.1359      -0.2760      -0.0938       0.4649       0.4168      -0.4142      -0.1572      -0.6806       0.1810       0.9197       0.2201       0.3189       1.0000          NaN      -0.8708          NaN      -0.2308
f_fcn                  NaN          NaN          NaN          NaN          NaN          NaN          NaN          NaN          NaN          NaN          NaN          NaN          NaN          NaN          NaN          NaN          NaN          NaN          NaN          NaN          NaN          NaN          NaN          NaN          NaN          NaN
f_fcn_prime        -0.5968      -0.1209      -0.8557       0.6656       0.5391      -0.0734      -0.6509      -0.0734      -0.0734       0.1124      -0.0924      -0.1478      -0.1964      -0.1238       0.1455       0.1139       0.7350      -0.0056      -0.9310       0.0414      -0.0512      -0.8708          NaN       1.0000          NaN      -0.0298
g_fcn                  NaN          NaN          NaN          NaN          NaN          NaN          NaN          NaN          NaN          NaN          NaN          NaN          NaN          NaN          NaN          NaN          NaN          NaN          NaN          NaN          NaN          NaN          NaN          NaN          NaN          NaN
g_fcn_prime        -0.6612      -0.9138      -0.3151       0.4044       0.2900      -0.2148      -0.4517      -0.2148      -0.2148      -0.1024       0.9436       0.0866      -0.8186      -0.6441       0.8186       0.8362      -0.3509      -0.1861      -0.0892      -0.1368      -0.1813      -0.2308          NaN      -0.0298          NaN       1.0000


AUTOCORRELATION OF SIMULATED VARIABLES

VARIABLE         1       2       3       4       5   
g              0.8559  0.6537  0.4713  0.3249  0.2070
ZD             0.8648  0.6642  0.4781  0.3269  0.2096
VD             0.6197  0.3740  0.2338  0.1533  0.0659
J              0.7779  0.5486  0.3567  0.1984  0.0512
H              0.8343  0.6404  0.4601  0.2976  0.1431
Pi             0.9866  0.9531  0.9000  0.8306  0.7486
ND             0.8216  0.6231  0.4869  0.4048  0.3429
YDW            0.9866  0.9531  0.9000  0.8306  0.7486
YD             0.9866  0.9531  0.9000  0.8306  0.7486
CD             0.9693  0.9164  0.8451  0.7582  0.6586
Lambda         0.7226  0.5371  0.4048  0.3016  0.1934
UCD            0.9628  0.9034  0.8281  0.7386  0.6363
muD            0.9736  0.9057  0.8072  0.6927  0.5747
L              0.9801  0.9320  0.8617  0.7767  0.6839
GammaD         0.9696  0.8948  0.7902  0.6717  0.5522
KD             0.9417  0.7964  0.6010  0.3931  0.2018
Q              0.5729  0.1641 -0.0838 -0.2073 -0.2908
ID             0.9672  0.8856  0.7743  0.6512  0.5294
zeta           0.4549  0.1873  0.0790  0.0407 -0.0317
SD             0.9800  0.9377  0.8758  0.7974  0.7061
XD             0.9860  0.9515  0.8972  0.8265  0.7433
RD             0.5852  0.3610  0.2597  0.2206  0.1644
f_fcn             NaN     NaN     NaN     NaN     NaN
f_fcn_prime    0.1896  0.0011  0.0265  0.0992  0.0627
g_fcn             NaN     NaN     NaN     NaN     NaN
g_fcn_prime    0.8757  0.6715  0.4567  0.2661  0.1117
POST PROCESSING IRFs:
Total computing time : 0h00m05s
