Starting Dynare (version 4.4.3).
Starting preprocessing of the model file ...
Found 26 equation(s).
Evaluating expressions...done
Computing static model derivatives:
 - order 1
Computing dynamic model derivatives:
 - order 1
Processing outputs ...done
Preprocessing completed.
Starting MATLAB/Octave computing.
rc =
     0
STEADY STATE SOLUTION (OUR SCRIPT):
ss = 
         g: 1.5784
        VD: 6.0360
        ZD: 7.5271
      zeta: 1
        ND: 0.0910
    Lambda: 0.6082
         J: 0.3015
         H: 2.4398
        Pi: 1.1043
       YDW: 3.6215
        YD: 3.6215
         Q: 1
        KD: 1.1536
         L: 7.9659
        ID: 0.4958
        CD: 3.0347
    GammaD: 0.1839
       muD: -7.9458
       UCD: 0.3461

STEADY-STATE RESULTS:

g           		 1.57841
ZD          		 7.52713
VD          		 6.03603
J           		 0.301543
H           		 2.43977
Pi          		 1.10427
ND          		 0.0910062
YDW         		 3.62155
YD          		 3.62155
CD          		 3.03471
Lambda      		 0.608207
UCD         		 0.34608
muD         		 7.94576
L           		 7.9659
GammaD      		 0.183857
KD          		 1.15361
Q           		 1
ID          		 0.495829
zeta        		 1
SD          		 51.0647
XD          		 43.683
RD          		 1.82012
f_fcn       		 1
f_fcn_prime 		 1
g_fcn       		 1
g_fcn_prime 		 1

EIGENVALUES:
         Modulus             Real        Imaginary

       2.746e-16       -2.746e-16                0
       6.854e-16        6.854e-16                0
       8.178e-16       -8.178e-16                0
          0.4546           0.4546                0
          0.4657           0.4657                0
             0.5              0.5                0
          0.6133           0.6133                0
          0.7901           0.7784           0.1356
          0.7901           0.7784          -0.1356
           1.042            1.042                0
           1.283            1.283                0
           1.569            1.569                0
           1.703            1.655           0.4025
           1.703            1.655          -0.4025
           2.059            2.046           0.2287
           2.059            2.046          -0.2287
       4.795e+16       -4.795e+16                0
       7.919e+16        7.919e+16                0
       7.988e+16       -7.988e+16                0
       4.623e+18        4.623e+18                0
       1.157e+20        1.157e+20                0
       2.396e+21       -2.396e+21                0


There are 13 eigenvalue(s) larger than 1 in modulus 
for 13 forward-looking variable(s)

The rank condition is verified.


MODEL SUMMARY

  Number of variables:         26
  Number of stochastic shocks: 1
  Number of state variables:   9
  Number of jumpers:           13
  Number of static variables:  7


MATRIX OF COVARIANCE OF EXOGENOUS SHOCKS

Variables     epsilon_chi 
epsilon_chi       1.000000

POLICY AND TRANSITION FUNCTIONS
                             g               ZD              VD              J               H               Pi              ND              YDW             YD              CD              Lambda          UCD             muD             L               GammaD          KD              Q               ID              zeta            SD              XD              RD              f_fcn           f_fcn_prime     g_fcn           g_fcn_prime
Constant                    0.456418        2.018513        1.797746       -1.198841        0.891905        0.099189       -2.396827        1.286902        1.286902        1.110117       -0.497240       -1.061084        2.072638        2.075169       -1.693595        0.142898               0       -0.701523               0        3.933094        3.776959        0.598905               0               0               0               0
g(-1)                      -0.461616       -1.000000       -0.988370        0.761359        0.513261        0.074344       -0.767405        0.074344        0.074344        0.204110       -1.237825       -0.237825        0.800905        0.603499       -0.831425       -0.813201        0.977191       -0.565389               0        0.193453        0.220260       -0.227011               0        0.367130               0        0.685995
ZD(-1)                      0.260444        0.570194        0.550163       -0.340554       -0.216021        0.002508        0.169569        0.002508        0.002508       -0.016307        0.022135        0.022135        0.003055        0.003743       -0.002283        0.037394       -0.193837        0.087002               0       -0.004100       -0.011613        0.209609               0        0.267649               0        0.137325
UCD(-1)                            0               0               0               0               0               0               0               0               0               0       -1.000000               0               0               0               0               0               0               0               0               0               0               0               0               0               0               0
GammaD(-1)                 -0.002813               0       -0.013622       -0.658159       -0.646248       -0.617771       -0.272436       -0.617771       -0.617771       -0.678476        0.693585        0.693585       -0.748158       -0.922046        0.765013       -0.133072       -0.436056       -0.309609               0       -0.689558       -0.697312       -0.671781               0       -0.430016               0       -0.488690
KD(-1)                      0.001813               0        0.008781        0.590084        0.568855        0.528182        0.175610        0.528182        0.528182        0.613114       -0.633065       -0.633065       -0.114040        0.295794        0.085836        0.601601        0.198907        0.073072               0        0.630335        0.632400        0.598865               0        0.277185               0        0.115338
zeta(-1)                    0.104883               0        0.507903       -0.198443       -0.115221        0.001167        0.158062        0.001167        0.001167       -0.010078        0.012987        0.012987        0.004108        0.001741       -0.001411        0.017706       -0.104437        0.041196        0.500000        0.002350        0.007520        0.309460               0        0.249487               0        0.065024
VD(-1)                      0.196320        0.429806        0.414707       -0.256706       -0.162835        0.001891        0.127819        0.001891        0.001891       -0.012292        0.016685        0.016685        0.002303        0.002822       -0.001721        0.028187       -0.146112        0.065581               0       -0.003091       -0.008754        0.158001               0        0.201751               0        0.103514
ND(-1)                      0.005674               0        0.027475       -0.020783       -0.012043        0.001347        0.549500        0.001347        0.001347       -0.014595        0.018187        0.018187        0.007932        0.002011       -0.002043       -0.000725       -0.014989       -0.001688               0       -0.015697       -0.016605        0.006692               0       -0.711074               0       -0.002664
ID(-1)                      0.000179               0        0.000867       -0.075243       -0.044969        0.009499        0.017343        0.009499        0.009499       -0.095554        0.120298        0.120298        0.048004        0.014177       -0.013378        0.279816       -0.385104        0.651029               0       -0.111342       -0.118376       -0.074375               0        0.027374               0       -0.550819
epsilon_chi                 0.020977               0        0.101581       -0.039689       -0.023044        0.000233        0.031612        0.000233        0.000233       -0.002016        0.002597        0.002597        0.000822        0.000348       -0.000282        0.003541       -0.020887        0.008239        0.100000        0.000470        0.001504        0.061892               0        0.049897               0        0.013005


MOMENTS OF SIMULATED VARIABLES

VARIABLE         MEAN    STD. DEV.   VARIANCE   SKEWNESS   KURTOSIS 
g               0.456612   0.034068   0.001161  -0.049383   0.008309
ZD              2.018718   0.037851   0.001433  -0.047735   0.012314
VD              1.798428   0.131649   0.017331  -0.070488  -0.014725
J              -1.198015   0.074406   0.005536  -0.002744   0.325807
H               0.892859   0.063712   0.004059  -0.064941   0.512494
Pi              0.100329   0.061605   0.003795  -0.158376   0.743484
ND             -2.395508   0.075767   0.005741  -0.129939   0.787035
YDW             1.288042   0.061605   0.003795  -0.158376   0.743484
YD              1.288042   0.061605   0.003795  -0.158376   0.743484
CD              1.111245   0.061785   0.003817  -0.154943   0.736414
Lambda         -0.497322   0.045429   0.002064   0.016134  -0.115127
UCD            -1.062211   0.061887   0.003830   0.153706   0.734116
muD             2.073454   0.084568   0.007152  -0.062662   0.414392
L               2.076469   0.092576   0.008570  -0.121114   0.659208
GammaD         -1.694405   0.084658   0.007167   0.061315   0.408967
KD              0.143868   0.053565   0.002869  -0.098421   0.374343
Q               0.000061   0.031794   0.001011   0.078007   0.364890
ID             -0.700347   0.061684   0.003805  -0.145107   0.729919
zeta            0.000422   0.110878   0.012294  -0.121528   0.001545
SD              3.934245   0.062600   0.003919  -0.160127   0.757436
XD              3.778114   0.062819   0.003946  -0.161021   0.762001
RD              0.600413   0.103954   0.010806  -0.104770   0.642128
f_fcn          -0.000000   0.000000   0.000000   0.044303  -0.003725
f_fcn_prime     0.000197   0.066934   0.004480  -0.044303  -0.003726
g_fcn          -0.000000   0.000000   0.000000  -0.027723  -0.087921
g_fcn_prime     0.000149   0.061881   0.003829   0.027723  -0.087921


CORRELATION OF SIMULATED VARIABLES

VARIABLE           g            ZD           VD           J            H            Pi           ND          YDW           YD           CD         Lambda        UCD          muD           L          GammaD         KD           Q            ID          zeta          SD           XD           RD         f_fcn     f_fcn_prime     g_fcn     g_fcn_prime 
g                   1.0000       0.7778       0.9743      -0.5458      -0.2855       0.2439       0.7428       0.2439       0.2439       0.2195      -0.7330      -0.2123       0.5294       0.4295      -0.5266      -0.2428      -0.2511       0.2663       0.8792       0.2689       0.2849       0.8432      -0.9650       0.9650      -0.8198       0.8198
ZD                  0.7778       1.0000       0.6162      -0.1904       0.0145       0.3955       0.6622       0.3955       0.3955       0.3956      -0.9865      -0.3946       0.7678       0.6447      -0.7693      -0.3503       0.3121       0.3105       0.3847       0.4254       0.4330       0.6440      -0.6538       0.6538      -0.9319       0.9319
VD                  0.9743       0.6162       1.0000      -0.6157      -0.3630       0.1638       0.6934       0.1638       0.1638       0.1332      -0.5648      -0.1246       0.3882       0.3071      -0.3840      -0.1787      -0.4265       0.2224       0.9638       0.1845       0.2018       0.8258      -0.9749       0.9749      -0.6932       0.6932
J                  -0.5458      -0.1904      -0.6157       1.0000       0.9576       0.6740       0.1327       0.6740       0.6740       0.6948       0.2179      -0.7005       0.3233       0.4963      -0.3242       0.6569       0.7013       0.6274      -0.6738       0.6566       0.6435      -0.0639       0.5637      -0.5637       0.2505      -0.2505
H                  -0.2855       0.0145      -0.3630       0.9576       1.0000       0.8581       0.4117       0.8581       0.8581       0.8720       0.0358      -0.8757       0.5327       0.7049      -0.5324       0.7015       0.6843       0.8214      -0.4498       0.8456       0.8363       0.2257       0.3099      -0.3099       0.0320      -0.0320
Pi                  0.2439       0.3955       0.1638       0.6740       0.8581       1.0000       0.8193       1.0000       1.0000       0.9992      -0.3167      -0.9987       0.8004       0.9300      -0.7981       0.6138       0.5208       0.9845       0.0382       0.9994       0.9989       0.6899      -0.2083       0.2083      -0.3783       0.3783
ND                  0.7428       0.6622       0.6934       0.1327       0.4117       0.8193       1.0000       0.8193       0.8193       0.8011      -0.5677      -0.7958       0.7884       0.8418      -0.7846       0.3594       0.1165       0.8396       0.5744       0.8309       0.8400       0.9732      -0.6957       0.6957      -0.6638       0.6638
YDW                 0.2439       0.3955       0.1638       0.6740       0.8581       1.0000       0.8193       1.0000       1.0000       0.9992      -0.3167      -0.9987       0.8004       0.9300      -0.7981       0.6138       0.5208       0.9845       0.0382       0.9994       0.9989       0.6899      -0.2083       0.2083      -0.3783       0.3783
YD                  0.2439       0.3955       0.1638       0.6740       0.8581       1.0000       0.8193       1.0000       1.0000       0.9992      -0.3167      -0.9987       0.8004       0.9300      -0.7981       0.6138       0.5208       0.9845       0.0382       0.9994       0.9989       0.6899      -0.2083       0.2083      -0.3783       0.3783
CD                  0.2195       0.3956       0.1332       0.6948       0.8720       0.9992       0.8011       0.9992       0.9992       1.0000      -0.3200      -0.9999       0.8047       0.9325      -0.8028       0.6037       0.5533       0.9775       0.0024       0.9986       0.9976       0.6659      -0.1816       0.1816      -0.3754       0.3754
Lambda             -0.7330      -0.9865      -0.5648       0.2179       0.0358      -0.3167      -0.5677      -0.3167      -0.3167      -0.3200       1.0000       0.3198      -0.7549      -0.6023       0.7570       0.4664      -0.3624      -0.2207      -0.3313      -0.3477      -0.3549      -0.5593       0.6272      -0.6272       0.9428      -0.9428
UCD                -0.2123      -0.3946      -0.1246      -0.7005      -0.8757      -0.9987      -0.7958      -0.9987      -0.9987      -0.9999       0.3198       1.0000      -0.8052      -0.9326       0.8033      -0.6016      -0.5615      -0.9755       0.0072      -0.9981      -0.9969      -0.6591       0.1741      -0.1741       0.3736      -0.3736
muD                 0.5294       0.7678       0.3882       0.3233       0.5327       0.8004       0.7884       0.8004       0.8004       0.8047      -0.7549      -0.8052       1.0000       0.9647      -1.0000       0.0203       0.6465       0.7272       0.1849       0.8186       0.8232       0.7230      -0.5086       0.5086      -0.8250       0.8250
L                   0.4295       0.6447       0.3071       0.4963       0.7049       0.9300       0.8418       0.9300       0.9300       0.9325      -0.6023      -0.9326       0.9647       1.0000      -0.9637       0.2818       0.6277       0.8778       0.1267       0.9409       0.9434       0.7441      -0.4005       0.4005      -0.6713       0.6713
GammaD             -0.5266      -0.7693      -0.3840      -0.3242      -0.5324      -0.7981      -0.7846      -0.7981      -0.7981      -0.8028       0.7570       0.8033      -1.0000      -0.9637       1.0000      -0.0161      -0.6509      -0.7238      -0.1797      -0.8165      -0.8209      -0.7184       0.5050      -0.5050       0.8255      -0.8255
KD                 -0.2428      -0.3503      -0.1787       0.6569       0.7015       0.6138       0.3594       0.6138       0.6138       0.6037       0.4664      -0.6016       0.0203       0.2818      -0.0161       1.0000      -0.0327       0.6952      -0.1109       0.5889       0.5833       0.2439       0.2639      -0.2639       0.4385      -0.4385
Q                  -0.2511       0.3121      -0.4265       0.7013       0.6843       0.5208       0.1165       0.5208       0.5208       0.5533      -0.3624      -0.5615       0.6465       0.6277      -0.6509      -0.0327       1.0000       0.3805      -0.6116       0.5267       0.5176      -0.0382       0.2739      -0.2739      -0.3148       0.3148
ID                  0.2663       0.3105       0.2224       0.6274       0.8214       0.9845       0.8396       0.9845       0.9845       0.9775      -0.2207      -0.9755       0.7272       0.8778      -0.7238       0.6952       0.3805       1.0000       0.1347       0.9808       0.9817       0.7308      -0.2494       0.2494      -0.3090       0.3090
zeta                0.8792       0.3847       0.9638      -0.6738      -0.4498       0.0382       0.5744       0.0382       0.0382       0.0024      -0.3313       0.0072       0.1849       0.1267      -0.1797      -0.1109      -0.6116       0.1347       1.0000       0.0527       0.0705       0.7383      -0.9217       0.9217      -0.4982       0.4982
SD                  0.2689       0.4254       0.1845       0.6566       0.8456       0.9994       0.8309       0.9994       0.9994       0.9986      -0.3477      -0.9981       0.8186       0.9409      -0.8165       0.5889       0.5267       0.9808       0.0527       1.0000       0.9998       0.7036      -0.2311       0.2311      -0.4090       0.4090
XD                  0.2849       0.4330       0.2018       0.6435       0.8363       0.9989       0.8400       0.9989       0.9989       0.9976      -0.3549      -0.9969       0.8232       0.9434      -0.8209       0.5833       0.5176       0.9817       0.0705       0.9998       1.0000       0.7162      -0.2487       0.2487      -0.4200       0.4200
RD                  0.8432       0.6440       0.8258      -0.0639       0.2257       0.6899       0.9732       0.6899       0.6899       0.6659      -0.5593      -0.6591       0.7230       0.7441      -0.7184       0.2439      -0.0382       0.7308       0.7383       0.7036       0.7162       1.0000      -0.8312       0.8312      -0.6986       0.6986
f_fcn              -0.9650      -0.6538      -0.9749       0.5637       0.3099      -0.2083      -0.6957      -0.2083      -0.2083      -0.1816       0.6272       0.1741      -0.5086      -0.4005       0.5050       0.2639       0.2739      -0.2494      -0.9217      -0.2311      -0.2487      -0.8312       1.0000      -1.0000       0.7878      -0.7878
f_fcn_prime         0.9650       0.6538       0.9749      -0.5637      -0.3099       0.2083       0.6957       0.2083       0.2083       0.1816      -0.6272      -0.1741       0.5086       0.4005      -0.5050      -0.2639      -0.2739       0.2494       0.9217       0.2311       0.2487       0.8312      -1.0000       1.0000      -0.7878       0.7878
g_fcn              -0.8198      -0.9319      -0.6932       0.2505       0.0320      -0.3783      -0.6638      -0.3783      -0.3783      -0.3754       0.9428       0.3736      -0.8250      -0.6713       0.8255       0.4385      -0.3148      -0.3090      -0.4982      -0.4090      -0.4200      -0.6986       0.7878      -0.7878       1.0000      -1.0000
g_fcn_prime         0.8198       0.9319       0.6932      -0.2505      -0.0320       0.3783       0.6638       0.3783       0.3783       0.3754      -0.9428      -0.3736       0.8250       0.6713      -0.8255      -0.4385       0.3148       0.3090       0.4982       0.4090       0.4200       0.6986      -0.7878       0.7878      -1.0000       1.0000


AUTOCORRELATION OF SIMULATED VARIABLES

VARIABLE         1       2       3       4       5   
g              0.7791  0.5170  0.3162  0.1757  0.0646
ZD             0.7908  0.5294  0.3232  0.1762  0.0660
VD             0.6456  0.3821  0.2206  0.1236  0.0290
J              0.7931  0.5588  0.3539  0.1851  0.0372
H              0.8840  0.7247  0.5610  0.4072  0.2645
Pi             0.9802  0.9293  0.8511  0.7533  0.6440
ND             0.9061  0.8104  0.7410  0.6836  0.6153
YDW            0.9802  0.9293  0.8511  0.7533  0.6440
YD             0.9802  0.9293  0.8511  0.7533  0.6440
CD             0.9768  0.9213  0.8390  0.7382  0.6271
Lambda         0.7677  0.5254  0.3294  0.1761  0.0457
UCD            0.9756  0.9186  0.8351  0.7335  0.6219
muD            0.9519  0.8389  0.6913  0.5359  0.3914
L              0.9675  0.8899  0.7829  0.6618  0.5388
GammaD         0.9504  0.8353  0.6864  0.5304  0.3859
KD             0.9262  0.7737  0.5905  0.4099  0.2515
Q              0.5979  0.2215 -0.0098 -0.1305 -0.2186
ID             0.9692  0.9163  0.8438  0.7537  0.6487
zeta           0.4549  0.1873  0.0790  0.0407 -0.0317
SD             0.9804  0.9304  0.8539  0.7580  0.6504
XD             0.9812  0.9325  0.8572  0.7624  0.6556
RD             0.8008  0.6811  0.6133  0.5653  0.4956
f_fcn          0.6710  0.4949  0.3778  0.2824  0.1615
f_fcn_prime    0.6710  0.4949  0.3778  0.2824  0.1615
g_fcn          0.9244  0.7445  0.5247  0.3131  0.1385
g_fcn_prime    0.9244  0.7445  0.5247  0.3131  0.1385
POST PROCESSING IRFs:
Total computing time : 0h00m05s
Note: warning(s) encountered in MATLAB/Octave code
